load/series: 400 codes, 36s
prepared, 36s
oversold深度买入日: 23, 总候选: 7989, 37s

=== min_score 阈值扫描（候选命中数）===
min_score     候选命中     每日平均    最高分  买入日命中数
        0     7989   347.35   48.0    23  ← 最后非0
        1     7978   346.87   48.0    23  ← 最后非0
        2     7978   346.87   48.0    23  ← 最后非0
        3     7977   346.83   48.0    23  ← 最后非0
        4     7977   346.83   48.0    23  ← 最后非0
        5     7959   346.04   48.0    23  ← 最后非0
        6     7959   346.04   48.0    23  ← 最后非0
        7     7930   344.78   48.0    23  ← 最后非0
        8     7930   344.78   48.0    23  ← 最后非0
        9     7903   343.61   48.0    23  ← 最后非0
       10     7903   343.61   48.0    23  ← 最后非0
       11     7782   338.35   48.0    23  ← 最后非0
       12     7782   338.35   48.0    23  ← 最后非0
       13     7741   336.57   48.0    23  ← 最后非0
       14     7741   336.57   48.0    23  ← 最后非0
       15     7558   328.61   48.0    23  ← 最后非0
       16     7558   328.61   48.0    23  ← 最后非0
       17     7490   325.65   48.0    23  ← 最后非0
       18     7490   325.65   48.0    23  ← 最后非0
       19     7259   315.61   48.0    23  ← 最后非0
       20     7259   315.61   48.0    23  ← 最后非0
       21     7133   310.13   48.0    23  ← 最后非0
       22     7133   310.13   48.0    23  ← 最后非0
       23     6836   297.22   48.0    23  ← 最后非0
       24     6836   297.22   48.0    23  ← 最后非0
       25     6659   289.52   48.0    23  ← 最后非0
       26     6659   289.52   48.0    23  ← 最后非0
       27     6120   266.09   48.0    23  ← 最后非0
       28     6120   266.09   48.0    23  ← 最后非0
       29     5739   249.52   48.0    23  ← 最后非0
       30     5739   249.52   48.0    23  ← 最后非0
       31     4779   207.78   48.0    23  ← 最后非0
       32     4779   207.78   48.0    23  ← 最后非0
       33     3968   172.52   48.0    23  ← 最后非0
       34     3968   172.52   48.0    23  ← 最后非0
       35     2909   126.48   48.0    22  ← 最后非0
       36     2909   126.48   48.0    22  ← 最后非0
       37     1964    85.39   48.0    22  ← 最后非0
       38     1964    85.39   48.0    22  ← 最后非0
       39     1676    72.87   48.0    22  ← 最后非0
       40     1676    72.87   48.0    22  ← 最后非0
       41      855    37.17   48.0    22  ← 最后非0
       42      855    37.17   48.0    22  ← 最后非0
       43      668    29.04   48.0    21  ← 最后非0
       44      668    29.04   48.0    21  ← 最后非0
       45       89     3.87   48.0    11  ← 最后非0
       46       89     3.87   48.0    11  ← 最后非0
       47       68     2.96   48.0     9  ← 最后非0
       48       68     2.96   48.0     9  ← 最后非0
       49        0     0.00   48.0     0  ← 首个0命中
       50        0     0.00   48.0     0
       51        0     0.00   48.0     0
       52        0     0.00   48.0     0
       53        0     0.00   48.0     0
       54        0     0.00   48.0     0
       55        0     0.00   48.0     0
       56        0     0.00   48.0     0
       57        0     0.00   48.0     0
       58        0     0.00   48.0     0
       59        0     0.00   48.0     0
       60        0     0.00   48.0     0

临界结论: min_score≤48 有候选, min_score≥49 为 0 命中
elapsed=37s
